958 31
958 30
958 29
958 28
958 27
958 26
958 25
958 24
958 23
958 22
958 21
958 20
958 19
958 18
958 17
958 16
958 15
958 14
958 13
958 12
958 47
957 46
956 45
958 43
958 42
958 38
958 37
958 36
958 35
954 34
939 35
925 35
906 35
883 34
858 34
839 34
825 32
807 32
787 32
763 32
740 32
722 33
704 32
683 30
662 28
644 28
627 28
608 28
587 26
568 26
547 26
525 25
503 26
483 25
463 24
442 24
419 23
399 24
384 24
369 24
350 25
328 26
307 29
286 30
264 31
240 34
217 36
197 39
179 43
162 46
148 47
133 47
116 47
101 47
86 47
71 47
56 47
41 47
26 47
11 47
0 47
0 47
0 47
0 47
0 47
0 47
0 47
0 47
0 47
0 47
0 47
0 47
0 47
0 47
0 47
0 47
