525 0
525 0
525 0
525 0
525 0
525 0
525 0
525 0
525 0
525 0
525 0
525 0
525 0
525 0
525 0
525 0
525 0
525 0
525 0
525 0
525 0
525 0
525 0
525 0
525 0
525 0
525 0
525 0
525 0
520 0
504 0
525 0
525 0
525 0
525 0
525 0
525 0
525 0
525 0
525 0
525 0
525 0
525 0
525 0
525 0
525 0
525 0
525 0
525 0
525 1
525 3
525 3
525 3
525 3
525 3
522 3
521 3
518 3
517 3
516 3
515 3
503 3
502 3
501 3
500 3
499 3
498 3
497 3
498 3
498 3
496 3
496 3
495 3
494 3
493 3
491 3
489 3
488 3
486 3
483 3
480 3
479 3
477 3
473 3
467 3
464 3
460 3
457 3
454 3
450 3
445 3
441 3
436 3
431 3
427 3
423 3
419 3
415 1
411 1
407 1
405 0
403 0
401 0
400 0
397 0
394 0
390 0
388 0
385 0
381 0
376 0
371 0
365 0
357 0
351 0
345 0
340 0
335 0
329 0
323 0
318 0
313 0
308 0
303 0
300 0
297 0
293 0
290 0
287 0
284 0
279 0
274 0
273 0
274 0
274 0
274 0
273 0
272 0
271 0
270 0
269 0
268 1
267 1
266 1
261 2
257 2
255 2
253 3
251 3
247 3
244 3
243 3
242 3
241 3
240 3
238 3
233 3
229 3
228 3
227 3
225 3
224 3
221 3
215 3
212 3
211 3
208 3
204 3
201 3
197 3
193 3
189 3
185 3
183 3
180 3
175 3
171 3
168 3
166 3
163 3
157 3
152 3
148 3
142 3
136 3
129 3
124 3
119 3
114 2
107 2
101 1
96 1
91 1
85 0
77 0
72 0
69 0
67 0
64 0
60 0
58 0
58 0
57 0
57 0
56 0
54 0
49 0
44 0
40 0
37 0
33 0
26 0
20 0
15 0
10 1
5 1
0 1
0 1
0 0
0 0
0 0
0 0
0 0
0 0
0 0
0 0
