1620 66
1652 65
1654 64
1633 63
1656 62
1662 61
1635 60
1664 59
1666 58
1670 57
1558 56
1560 55
1672 54
1674 53
1676 52
1695 51
1697 50
1678 49
1699 48
1680 47
1701 46
1703 45
1738 44
1562 43
1705 42
1707 41
1564 40
1753 39
1709 38
1711 37
1713 36
1715 35
1717 34
1719 33
1755 32
1721 31
1723 30
1787 29
1725 29
1808 28
1757 30
1762 32
1764 34
1727 28
1729 27
1766 26
1768 25
1811 24
1813 31
1815 26
1817 29
1819 23
1770 22
1772 21
1821 20
1823 24
1825 19
1774 18
1827 17
1829 16
1831 16
1833 15
1835 14
1837 13
1839 12
1841 11
1843 10
1845 9
1847 8
1849 7
1851 6
1853 5
1855 4
1857 3
1859 2
1861 1
1863 0
1865 0
1867 0
1869 0
1871 7
1873 0
1875 16
1877 17
1879 19
1881 11
1883 20
1885 22
1887 26
1889 28
1891 33
1893 35
1895 37
1897 39
1899 44
1901 41
