868 0
868 0
868 0
868 0
868 0
868 0
868 0
868 0
868 0
868 0
868 0
861 0
850 4
837 0
821 3
809 0
798 0
785 0
774 0
767 0
760 8
752 7
741 6
730 5
719 6
701 6
695 6
683 5
679 6
676 9
673 8
661 8
660 8
649 8
645 7
636 7
628 6
619 5
611 4
602 3
592 0
583 0
574 0
569 0
567 0
562 0
556 0
547 0
533 0
518 0
509 0
500 0
487 0
479 0
470 0
461 0
452 0
440 0
430 0
421 0
410 13
402 12
400 0
392 11
384 10
375 9
365 8
354 7
344 6
334 5
326 4
317 9
308 8
300 8
291 8
283 8
274 8
272 3
271 1
267 3
254 4
246 4
238 6
232 6
217 17
213 16
209 13
202 15
194 15
184 16
174 16
165 17
158 17
152 17
149 17
144 18
137 18
130 18
120 18
110 19
101 19
92 19
84 19
78 19
72 19
67 19
61 20
56 20
49 20
41 21
34 21
27 21
21 21
18 21
14 21
9 21
3 21
0 21
0 0
0 0
0 0
0 0
0 0
0 0
0 0
2 0
0 0
0 0
0 0
0 0
0 0
0 0
0 0
0 0
0 0
0 0
0 0