868 0
868 0
868 0
868 0
868 0
868 0
868 0
868 0
868 0
868 0
868 0
861 0
850 0
837 0
821 0
809 0
798 0
785 0
774 0
767 0
760 0
752 0
741 0
730 0
719 0
701 0
695 0
683 0
679 0
676 0
673 0
661 0
660 0
649 0
645 0
636 0
628 0
619 0
611 0
602 0
592 0
583 0
574 0
569 0
567 0
562 0
556 0
547 0
533 0
518 0
509 0
500 0
487 0
479 0
470 0
461 0
452 0
440 0
430 0
421 0
410 0
402 0
400 0
392 0.0468701
384 0.758615
375 1.53264
365 2.35954
354 3.22883
344 3.98247
334 4.70123
326 5.25112
317 5.84306
308 6.40674
300 6.88408
291 7.39439
283 7.82429
274 8.28123
272 8.37894
271 8.42727
267 8.6171
254 9.19551
246 9.52215
238 9.82647
232 10.0401
217 10.5191
213 10.6336
209 10.7425
202 10.9196
194 11.1011
184 11.2967
174 11.4573
165 11.572
158 11.6418
152 11.6879
149 11.7063
144 11.7299
137 11.7483
130 11.7497
120 11.722
110 11.6593
101 11.5732
92 11.4587
84 11.3333
78 11.2246
72 11.1033
67 10.9926
61 10.8483
56 10.7185
49 10.522
41 10.2766
34 10.0435
27 9.79336
21 9.56533
18 9.44661
14 9.28343
9 9.0716
3 8.8059
0 8.66834
0 8.66834
0 8.66834
0 8.66834
0 8.66834
0 8.66834
0 8.66834
0 8.66834
2 8.7604
0 8.66834
0 8.66834
0 8.66834
0 8.66834
0 8.66834
0 8.66834
0 8.66834
0 8.66834
0 8.66834
0 8.66834
0 8.66834
