0 114.377
0 114.377
0 114.377
0 114.377
0 114.377
0 114.377
0 114.377
0 114.377
0 114.377
0 114.377
0 114.377
0 114.377
0 114.377
0 114.377
0 114.377
0 114.377
0 114.377
0 114.377
0 114.377
3 114.059
22 112.05
49 109.224
84 105.612
133 100.65
161 97.8655
182 95.8008
216 92.5016
248 89.4456
305 84.1203
363 78.8569
411 74.6196
449 71.3411
467 69.8117
488 68.0464
511 66.1365
542 63.6014
575 60.9519
602 58.8218
622 57.2659
643 55.6523
672 53.4577
703 51.155
730 49.186
771 46.261
792 44.7931
814 43.2773
854 40.5792
874 39.2581
907 37.1191
928 35.7842
956 34.0364
998 31.4832
1014 30.5322
1042 28.8966
1052 28.3213
1078 26.8474
1101 25.5697
1130 23.9939
1139 23.5128
1163 22.2484
1178 21.4718
1187 21.0109
1202 20.251
1213 19.7004
1218 19.452
1225 19.1062
1236 18.5674
1236 18.5674
1236 18.5674
1236 18.5674
1236 18.5674
1236 18.5674
1236 18.5674
1229 18.9097
1215 19.6009
1204 20.1505
1193 20.7056
